100 4547.8 133
200 10072.8 279.8
300 16820.4 459.6
400 23257.8 654.4
500 29573.6 798.2
600 39499.2 1011.4
700 45810.4 1158.4
800 55856.6 1393.6
900 66977.6 1613.8
1000 65296 1676
1100 80020 2006.2
1200 83293.6 2145.6
1300 96595.6 2415
1400 102012 2554
1500 115837 2846
1600 124538 3070
1700 134266 3275
1800 142500 3488.8
1900 141472 3575.6
2000 156608 3889.4
2100 169451 4228.2
2200 172425 4391.6
2300 194666 4891.6
2400 192220 4876.4
2500 216092 5374.6
2600 207303 5257.8
2700 220377 5608.2
2800 224896 5646.4
2900 241357 5998.8
3000 268726 6461
