100 2125.6 105.8
200 5509 243.4
300 9285.6 404.4
400 13328.2 580.4
500 17131.2 751.8
600 23710.8 965
700 27569.2 1118.8
800 33304.4 1353.4
900 41170.6 1573.6
1000 39855.2 1664
1100 48993.6 1927
1200 51775 2080.8
1300 59426.4 2314.2
1400 63055.4 2502
1500 72834.2 2772.2
1600 77770 3006
1700 85589.4 3218.8
1800 90642.2 3401.6
1900 88803.2 3545.6
2000 98666.8 3916.4
2100 107721 4051.6
2200 110347 4225.2
2300 124486 4567.8
2400 123467 4704.4
2500 141375 5073
2600 133906 5233.8
2700 143328 5455.4
2800 144381 5603.2
2900 156767 5869.4
3000 177784 6324.8
