100 84.2 87.8
200 209.4 171.2
300 514.8 248.2
400 738.6 326.6
500 523.8 515.6
600 489.8 865.2
700 538.2 905
800 658.6 1028.8
900 786.8 1184.2
1000 921 1103
1100 1076.6 1266.4
1200 1242.6 1288.6
1300 1426.8 1454.6
1400 1569.4 1498.2
1500 1739.8 1672.2
1600 1928.2 1736.2
1700 2123.2 1912
1800 2282.4 2004.6
1900 2497.8 1933.8
2000 2668.4 2061.8
2100 2845.2 2238.6
2200 3054 2295.2
2300 3278.2 2536.2
2400 3465 2496.8
2500 3702.2 2797
2600 3896.4 2627.2
2700 4135.2 2849
2800 4346.6 2866.4
2900 4537.6 3122.4
3000 4794.4 3483
