100 10965.6 1377.8
200 21910.8 2677.4
300 32900.2 3956.4
400 43340.4 5293.6
500 54425.6 6597.4
600 65840 7973.2
700 76717.6 9328.8
800 89132.2 10800.4
900 98853.4 11800
1000 109635 13217.6
1100 120968 14565.4
1200 133219 16107.8
1300 145079 17550.4
1400 154116 18778
1500 166098 20499.6
1600 177286 21946.2
1700 188285 22953.2
1800 199658 24223.2
1900 209946 25780.6
2000 223352 26970.8
2100 231179 28141.8
2200 243415 29607.6
2300 254110 31119.6
2400 266534 32235.2
2500 277326 33820.8
2600 287042 34773.2
2700 298702 36243.6
2800 308270 37221.2
2900 320622 39514.6
3000 333533 40728.2
