100 909.4 118
200 2115.2 249.2
300 3394 418.4
400 4487.8 551.2
500 5929 698
600 7142.6 857.4
700 8695.8 1044.2
800 9725 1197.4
900 10674.2 1349.2
1000 12254.4 1486.6
1100 14385 1779.8
1200 15202.6 1872.8
1300 17205 2069
1400 18427.6 2238.2
1500 20045.2 2384.4
1600 20242 2558.4
1700 22014.8 2795.4
1800 24212.2 2958.4
1900 24647.4 3038.2
2000 26971 3334.8
2100 28085.6 3667
2200 29417.4 3778.4
2300 31814 3933.6
2400 33875.8 4120.8
2500 32689.4 4287.2
2600 36944 4506.4
2700 37083.8 4601
2800 39548.6 4756
2900 39195 4971.4
3000 40274.8 5104.6
