100 181.8 83.2
200 336 154.6
300 866.8 247
400 1087 322.2
500 1069 406
600 1736.6 536
700 1390.2 588.4
800 2343.6 701.8
900 3277.6 843.6
1000 3168.6 853.4
1100 3342.4 975.8
1200 3496.2 1025.6
1300 3821.2 1148.8
1400 5045.6 1236.4
1500 3891.2 1336.8
1600 5236 1398.2
1700 5394.2 1556.4
1800 5576.8 1615.8
1900 4450 1657.8
2000 6253.6 1805.4
2100 8167.4 1946
2200 7488.8 1990.4
2300 7284.6 2110
2400 7239.2 2134.4
2500 7141.6 2311.2
2600 8509.4 2380.4
2700 8213 2495.2
2800 10030.8 2637.2
2900 8113.8 2799.8
3000 10188.6 3054
