100 599.2 79.4
200 1498 177.6
300 2525.6 285.6
400 3637.2 403
500 4853 533.8
600 6125.2 648.8
700 7425.8 796.4
800 8782.6 986.6
900 10180.2 1071.8
1000 11592 1185.2
1100 13046.4 1342.8
1200 14548.6 1489.8
1300 16072.2 1633.2
1400 17600 1765.2
1500 19162.8 1914.8
1600 20723 2058.8
1700 22269.6 2187
1800 23908.8 2338.6
1900 25546 2484
2000 27223.2 2660.8
2100 28856.2 2786.8
2200 30596 2946.2
2300 32270.6 3109.2
2400 33974.4 3275.2
2500 35715.4 3447.2
2600 37462.8 3591
2700 39256.4 3726.4
2800 40962.6 3888.8
2900 42760.4 4102.2
3000 44544.6 4189
