100 2319.6 89.6
200 5062.4 188.2
300 7877.8 297
400 10195.4 399.8
500 13585 532.2
600 16136.2 635.2
700 19626.2 773.2
800 23019.2 903.6
900 26703.2 1015.8
1000 30578.8 1146.6
1100 33524.8 1272.4
1200 37695.6 1429
1300 40640.8 1558.6
1400 43420.8 1660.6
1500 45595 1746.6
1600 50506.2 1899.2
1700 53313.2 2027.4
1800 58407.4 2191.2
1900 61108.2 2288.8
2000 64985.8 2447
2100 67600 2683.8
2200 72186.2 2818.6
2300 75356.4 2848.8
2400 80149.2 3042.4
2500 82302.4 3120.4
2600 86989 3286.6
2700 89363.6 3386
2800 93903 3549.4
2900 98617.2 3683.4
3000 100665 3802.2
