100 71.6 35.6
200 226.4 65.2
300 405.2 98.6
400 598.2 135
500 845.6 181.4
600 1081.4 221.6
700 1376 267.2
800 1634.2 296.2
900 1943.4 343
1000 2229.6 405.4
1100 2535.8 448
1200 2846.6 485.4
1300 3145.6 549.6
1400 3537.4 580.4
1500 3762.8 642
1600 4099.4 675.4
1700 4543.6 745
1800 4887.6 774
1900 5168.8 840.2
2000 5597 883.6
2100 5861.4 933.8
2200 6272 1004.4
2300 6558.8 1034.2
2400 6903 1085.4
2500 7371 1140
2600 7731 1186
2700 8036.2 1235.2
2800 8525.8 1286.2
2900 8846.8 1357.4
3000 9318.4 1433.6
