100 521 114.4
200 1176 238.2
300 1937.6 380.4
400 2682.8 524
500 3497.4 656.6
600 4341.4 778.2
700 5221 961.2
800 6126.8 1112.4
900 6988 1270.2
1000 7873.6 1404.8
1100 8968.6 1633.2
1200 9884.8 1786
1300 10855.4 1951.4
1400 11791.4 2095.4
1500 12689 2266.8
1600 13678.8 2413.2
1700 14679.4 2578.2
1800 15597.4 2731.8
1900 16582.6 2881.2
2000 17548.2 3044.2
2100 18866 3353.6
2200 20089.4 3512
2300 21129 3681.4
2400 22141.8 3858.6
2500 23082.2 4006
2600 24153.2 4188.2
2700 25096.8 4344.2
2800 26063.2 4502.4
2900 27092.8 4672.8
3000 28084.8 4841.8
