100 10960 1351.4
200 22286.6 2795
300 33091.6 4160
400 44165 5563
500 55915.6 7168.4
600 66420 8620.6
700 77610.6 9943.4
800 87817.8 11075.6
900 99805.2 12306.8
1000 111267 13776.8
1100 122276 14982.4
1200 133745 16346.8
1300 143946 17769.8
1400 154409 19053.8
1500 166925 20569.2
1600 176333 21946.8
1700 189547 23569.8
1800 199019 24955.8
1900 211766 26634.2
2000 222292 28283
2100 233765 29928.4
2200 245391 31173.4
2300 257051 32628.4
2400 266099 33668.8
2500 280573 35813
2600 289883 36210.2
2700 299069 37415.6
2800 311384 39256.2
2900 321502 40767.6
3000 335283 42344.6
