100 343.6 32.4
200 939.8 63.8
300 1355.2 105
400 1921 148.2
500 2658.4 196
600 3205 239.2
700 3668.2 281.6
800 4543.6 335
900 4851.4 381
1000 5587.4 427
1100 6600.2 478.4
1200 6700.2 510.2
1300 7769.2 561.6
1400 8533.4 614.6
1500 9259.4 658.2
1600 9906.8 741.2
1700 10753 793.8
1800 10649.2 820.8
1900 11958.8 861.4
2000 12384.8 914.2
2100 13093.8 964.2
2200 13338.2 1017.8
2300 15324 1077.6
2400 14853.4 1142
2500 15489.2 1200
2600 17783.4 1259
2700 17694.4 1286
2800 19525.4 1381.6
2900 19597.6 1401.6
3000 20435.2 1449.6
