100 369.8 78.2
200 913.6 143.4
300 1522.2 225.6
400 2198.6 319.2
500 3026.6 419.2
600 3638.8 521.8
700 4388 611.4
800 5193.4 712.8
900 6107.6 800.8
1000 7077.4 925.4
1100 7803.6 991
1200 8538.2 1106.6
1300 9390 1231.4
1400 10261.6 1315.6
1500 11226.8 1442
1600 12127.4 1559.8
1700 13048.2 1739.8
1800 14154.6 1786.4
1900 15097.2 1879.6
2000 16345 1959.6
2100 17314.4 2066.2
2200 17977.2 2192
2300 18868.4 2309.2
2400 19689.8 2416.2
2500 20705 2499.2
2600 21624.6 2617.6
2700 22528.4 2725.6
2800 23596.6 2830.8
2900 24620.8 3002
3000 25812 3086.8
