100 1674.8 92.8
200 5832.2 309.8
300 12543.8 629.2
400 21880.4 1110.6
500 33811.6 1666
600 48221 2347.6
700 65303.6 3147.4
800 84863.8 4147.6
900 107105 5110.6
1000 131801 6239.4
1100 159068 7525.2
1200 188985 8920.2
1300 221477 10389.4
1400 256545 11982
1500 294053 13790.6
1600 334126 15666.4
1700 376911 17681.8
1800 422230 24529.6
1900 470176 23116.6
2000 520558 24694.4
2100 573520 26900.2
2200 629170 29403.4
2300 687265 32076.4
2400 748120 34937.6
2500 811379 39042
2600 877051 41987
2700 945437 45183.8
2800 1.01643e+06 47757.4
2900 1.09012e+06 51082.8
3000 1.16618e+06 56603.8
