100 107.8 37.8
200 281.2 64
300 475.4 98.2
400 690.6 136.2
500 920.4 170.6
600 1166.2 213.4
700 1459.4 250.6
800 1758 296.2
900 2085.2 323.2
1000 2457 374.2
1100 2859.8 430.4
1200 3254 457.2
1300 3676.8 514
1400 4213.4 542.4
1500 4629.6 601
1600 5093.4 631.2
1700 5606.6 679.2
1800 6072 748.2
1900 6677 777
2000 7162.6 820.8
2100 7664.4 885.6
2200 8311 940.4
2300 8899.8 960
2400 9408.8 1020.4
2500 10054.8 1099.6
2600 10608.8 1132
2700 11300.4 1183.8
2800 11852.8 1232.6
2900 12377 1286.4
3000 12975.2 1335.4
