100 10367.2 1327.6
200 21955 2855.2
300 32368.4 4114.2
400 43006.6 5445.8
500 55512.2 7064.8
600 66333.6 8444.6
700 76211.2 9771.6
800 87515.4 11296
900 98007 12788.8
1000 109408 14337
1100 120848 16155.6
1200 131277 17551.2
1300 142467 18571.4
1400 153159 19679
1500 162650 20899.8
1600 176498 23129.6
1700 185628 24412.2
1800 195789 25660
1900 207195 27057.8
2000 219130 28645.6
2100 228419 30232.6
2200 241241 31284
2300 251763 32733.8
2400 262752 34538
2500 272905 35269.8
2600 283485 40907.8
2700 297233 38715
2800 306782 39820.8
2900 315595 40860.2
3000 325830 42051.6
