100 2045 51.4
200 5024.4 114.2
300 8602.4 196.4
400 11876 277.4
500 15486.2 350
600 18769.6 430.6
700 22110.8 492.2
800 25512.8 587.4
900 27399.6 631
1000 32127.4 725.2
1100 37258.6 820.8
1200 39524.2 894.2
1300 42654 970.6
1400 47575.8 1047.2
1500 51006.2 1111
1600 53473.2 1227.6
1700 58293 1342.2
1800 61126.8 1417.2
1900 66990.6 1524.8
2000 69616 1575.6
2100 70748.8 1633.8
2200 78392.2 1760.2
2300 82495.4 1881.6
2400 84638.8 1855.6
2500 89242 2000.8
2600 92206.2 2109.2
2700 97302.8 2217.4
2800 101485 2273
2900 106146 2393
3000 106944 2403.8
