100 273.6 101.8
200 571.8 197
300 871.2 310.4
400 1202.6 413.2
500 1526.4 538
600 1859.6 677.8
700 2216 785.4
800 2578 885.8
900 2951.4 999.8
1000 3372 1106.8
1100 3734.6 1289.2
1200 4086.2 1415.8
1300 4475.6 1554.6
1400 4890.2 1677.8
1500 5270.2 1806.2
1600 5688.2 1850.6
1700 6092.4 2040
1800 6452.6 2134.8
1900 6882.4 2217.8
2000 7308.4 2384.6
2100 7724 2666.8
2200 8066.8 2734.2
2300 8511.2 2894.4
2400 8939.8 2935.2
2500 9347.4 3053.4
2600 9793.2 3236.2
2700 10194 3306.2
2800 10563.6 3426.8
2900 11000 3536.6
3000 11374.6 3660.6
