100 3046.8 87.2
200 7069.8 191
300 10786.6 424.6
400 15068.2 411
500 7573.8 354.6
600 16183.8 549.4
700 28582.8 784
800 33520.2 925.2
900 25164.6 812
1000 15969.6 724.6
1100 23290.8 893
1200 101291 4364.2
1300 47992.2 1399.2
1400 59163.8 1606
1500 71250.2 1856.6
1600 70749.4 1940.8
1700 61007 1794.8
1800 53232 1719.4
1900 45074.8 1641.2
2000 36331.8 1563.8
2100 38877.4 1647.2
2200 51064.4 1900.6
2300 62777 2143.8
2400 76212.4 2408.2
2500 88531.4 2647
2600 100866 2890.2
2700 113413 3149.4
2800 126484 3396.4
2900 138377 3671.2
3000 150238 3938.6
