100 419.6 63.8
200 1018.4 141.6
300 1701.4 226.8
400 2440.6 316.2
500 3088.2 419.8
600 4041.2 515.6
700 4940.2 600.8
800 5750.6 708.4
900 6547 813.4
1000 7242.2 899.6
1100 8326.6 1001.2
1200 9419 1121.2
1300 10465 1232.6
1400 11440.8 1342.4
1500 12352.8 1448.4
1600 13340.2 1559.2
1700 14307.6 1677.6
1800 15111.8 1786
1900 15934.2 1892.8
2000 16724.4 1992.8
2100 17740.8 2080
2200 19137 2197.8
2300 20313.4 2302.4
2400 21647.6 2478.4
2500 22769.2 2577.8
2600 23859.6 2678.2
2700 25087.8 2793.8
2800 26178.8 2898.2
2900 27322.8 3022
3000 28254.4 3129.8
