100 59.8 28.6
200 252.2 52.2
300 575.6 77.4
400 1024.6 112
500 1629 138.6
600 2351.8 173.4
700 3057 206.2
800 4016.8 250.4
900 5020 285.2
1000 6225.4 336.2
1100 7453.2 373
1200 8794 410.2
1300 10202.4 465.2
1400 11846.8 502.8
1500 13256.6 550.6
1600 15162.4 602.2
1700 16928.2 655.4
1800 18884.2 719.6
1900 20822.6 782
2000 22700.4 832.4
2100 25177.6 892.2
2200 27249 943.2
2300 29599.2 1016.6
2400 31577.2 1059.2
2500 34399.4 1119.8
2600 36954.8 1188.6
2700 38950.2 1253.2
2800 41761.2 1304.6
2900 44665.6 1359.8
3000 47194.4 1440.8
