100 447.2 35.6
200 1002.4 73.6
300 1721.2 117.4
400 2119 154.2
500 2763.6 205
600 3370.2 240.8
700 3973.6 290.4
800 4523.4 344.4
900 5123.6 366.4
1000 5967.8 428
1100 6365.2 471
1200 7647.8 517
1300 7805 564.8
1400 8592.2 609.2
1500 9187 653
1600 9829.4 711.6
1700 10528.8 756.8
1800 11361.4 798.6
1900 12008.2 859.2
2000 12913.8 905.2
2100 13817.6 959.4
2200 14476.4 1017.2
2300 15261.6 1059
2400 15892.6 1115.2
2500 16734.6 1162.6
2600 17251.4 1208.6
2700 18717.4 1279.4
2800 19138.8 1322.8
2900 19982.8 1376.6
3000 20797.4 1440.4
