100 10933.2 1407.8
200 22209.6 2887.4
300 32638 4285
400 43174.6 5524.2
500 54893.2 7162.8
600 65020 8485.2
700 76246 9889.8
800 87294.8 11299.8
900 96495.2 12524.8
1000 108669 14263.6
1100 119096 15550.4
1200 130394 16875.4
1300 141126 18145.2
1400 151862 19650.6
1500 163117 21247.8
1600 173961 22270.4
1700 183878 23899.8
1800 196834 25857.2
1900 207229 27051.2
2000 216763 28671.6
2100 228929 29624.8
2200 238968 30757
2300 252780 32491.6
2400 259814 33428.2
2500 274536 35260.8
2600 283625 37161
2700 292577 37937.8
2800 305019 39278.8
2900 316012 41086.4
3000 326811 42564.8
