100 300.2 96.6
200 610 194.8
300 937 309.6
400 1235.8 408.4
500 1537.4 540.4
600 1928.6 649.8
700 2247.8 756.4
800 2626 877
900 2969.2 967
1000 3347 1073.6
1100 3791.6 1252.8
1200 4191.8 1369.8
1300 4528.4 1489
1400 4937.6 1623
1500 5300.2 1757.4
1600 5700.2 1883
1700 6118.2 2002.2
1800 6560.8 2119.6
1900 6903.8 2239.4
2000 7299.8 2338.4
2100 7783 2585.8
2200 8173.2 2729
2300 8584.6 2859.2
2400 8925.2 3046
2500 9488.8 3202.2
2600 9812 3214.2
2700 10238.6 3334.6
2800 10618.4 3453.8
2900 11063 3549.6
3000 11448.4 3802.4
